users = {
7118197747,
7272929129,
5030320189,
1040904267,
143579853,
5132033666,
2527763891,
1016057089,
3748784855,
7249684517,
5572394965,
6040839818,
474757888,
4842253629,
2586356468,
43692849,
3254272005,
1145324307,
4735891666,
28455459,
5394015095,
113545907,
924414077,
912035103,
5620987758,
3068440159,
7310645621,
2433783608,
6217025351,
7327961600,
4982526244,
3959345779,
5465745822,
58450749,
257351145,
7080465474,
2857083125,
3845947026,
4063509451,
2324417501,
4196109444,
1804309459,
3233539646,
418472475,
4281449827,
1336334233,
4314326244,
7298653815,
783297749,
861974819,
7292673402,
1713941780,
5683980094,
156264029,
4489199143,
3466114860
}

return users